0.029852208257632844
0.038387212225588746
-0.05958719641857573
-0.0008344608183730824
-0.0836527730135087
0.031407919617626595
0.22986059917401921
-0.12724776977483346
0.023392676036377055
-0.22612887700593445
0.05367888566943099
0.04394375330572264
0.05931085759905855
0.09742754017842359
0.04716486231448893
-0.050733990452821
0.04258563240960298
-0.0030158952899876105
-0.06701127193665433
-0.1746572709682639
0.015227708092188371
-0.07212740884123779
-0.16878790297212373
0.08440947332658556
0.07253159611441018
0.06141495317756184
0.0009006156985300624
0.14195618395627255
0.0020987350359276983
-0.06383988621148189
-0.10985033452355034
0.008457265199547807
-0.000931029985948871
-0.19394131208636484
0.013156361242889582
0.14456109962377262
0.08183160923640312
0.10444668126013182
0.0693022244232263
-0.029436737539484517
-0.027300729340116077
-0.13671143312461084
-0.08047302546698024
0.020186003924361796
0.06650982011041899
0.09988964996548519
0.24599980053567472
0.20980211273109883
0.10835687792005406
-0.004645013196682465
0.020393657530324544
0.22816231871022613
-0.009121016054754794
0.2609844836883592
0.1433472536804154
0.23756021385988518
0.1720729680854371
0.15325273944376472
0.0036853007250076952
0.16338435431777795
0.121965006242422
0.44244884846252236
0.12557837341793893
0.23815831030537327
0.21513187986485693
0.19352913857706924
0.3667433521147284
0.31366190301712543
0.22588298481923047
0.4531705878866529
0.30012077643478996
0.41989132358770753
0.4525034596350279
0.6190638417110476
0.6616890589227185
0.4370857902247183
0.4361510554348631
0.5773303614295712
0.7694561745619165
0.862989711823844
0.7818543135213956
0.871508637797155
0.9630106218472809
0.680026582696365
0.9089978826777969
0.7661792629458735
0.8115758997024206
1.0088106256009206
0.9581771553674704
0.8796560506930771
0.8670232242782185
0.9514561968778144
0.9799421236780707
0.9888607384327155
0.9940408897221313
1.0237208356974992
1.0067018201266573
1.1442502557232976
1.122385932592213
0.9825720947671013
1.0156194494887636
0.9176688754408575
0.8254196516305342
1.1419265042169744
0.9728116202694413
0.932732840037352
0.8134460827265294
0.7601836808304625
1.0865359061401518
0.8898318445197179
1.0004670887220675
0.744331412924893
0.8766032560272015
0.7959219058856106
0.8782265438371968
0.7820236343085065
0.8073901137661752
0.8997089525353131
0.8101964291134641
0.5992269955887245
0.6118178757646675
0.6982278702010118
0.5008774952562172
0.6721541024775137
0.4708824706769574
0.4366174751298906
0.40814762666525517
0.5731633660418488
0.23041282725535223
0.4841085864596849
0.2789804693819259
0.14623360115986356
0.3560752981181402
0.2321409493151159
0.4687193050497184
0.2834870965936835
0.3890300804444629
0.3672853711224696
0.10996789914042845
0.15991818948931125
0.3027600257881032
0.17537514362359993
0.32292736392066645
0.38652304909350876
0.16769771077033
0.14591349436037437
0.12869973539926205
-0.008844849824278966
0.30546652982752376
0.024572711584453566
0.008377189333772378
0.019348102823807264
0.04812113838836245
0.12732877979492868
0.13634646698922742
0.025835497923799702
0.051428395509546164
0.15389700601720768
-0.022052731081775932
-0.09981385532609266
0.08263898985594165
0.02590239056784384
-0.014965952733932038
0.2468800245384324
0.08297620492430825
-0.0691575123427464
0.0043271747938634225
0.02366749478759062
-0.011503282172019007
0.024879288780128433
0.07643474518589387
-0.09862306304162874
0.018089432726182374
0.001184014871378417
0.13220906625657192
0.02145005402957084
0.041041183013840105
-0.08771973861867216
-0.0191226176168782
0.13969699343289974
0.07627084896157452
0.05059982446828381
0.0628675302195037
0.1297264888890078
-0.1378738773327642
0.013209668960629825
0.06395422029225879
0.032438616107389365
0.09956525667094562
0.05146245666105106
0.08786388411861253
0.07053621187144568
0.20145723986645717
0.015686169985620828
-0.07843837696394697
0.100164508428637
-0.04928910501128767
0.03659394559448285
0.06771068531780464
0.06023661259116544
